  Atom           S          P          D        Total
      1    H  0.9991682  0.0000000  0.0000000  0.9991682
      2    H  0.9936406  0.0000000  0.0000000  0.9936406
      3    H  1.0071818  0.0000000  0.0000000  1.0071818
      4    H  0.9973621  0.0000000  0.0000000  0.9973621
      5    H  1.0026473  0.0000000  0.0000000  1.0026473
      6    H  1.0026473  0.0000000  0.0000000  1.0026473
      7    H  0.9973621  0.0000000  0.0000000  0.9973621
      8    H  1.0071818  0.0000000  0.0000000  1.0071818
      9    H  0.9936406  0.0000000  0.0000000  0.9936406
     10    H  0.9991682  0.0000000  0.0000000  0.9991682
------------ ---------- ---------- ---------- ----------
  Total                                      10.0000000
